{
    "B-Preset": {
        "form": 0.0,
        "keyboard2": 60.0,
        "att": 1.0,
        "dec": 0.4000000059604645,
        "sus": 1.0,
        "rel": 0.699999988079071,
        "presetLabel": 0.0,
        "setPreset": 0.0
    }
}