{
    "E-preset": {
        "form": 0.0,
        "keyboard2": 60.0,
        "att": 0.009999999776482582,
        "dec": 1.0,
        "sus": 1.0,
        "rel": 0.699999988079071,
        "presetLabel": 0.0,
        "setPreset": 0.0
    }
}